620903942
614191683
612108906
611768397
608755921
604293845
596524036
565635679
548605928
509693609
501918652
487058629
449569956
443500115
442295409
411908796
403531148
384859484
382643408
377643912
373231275
372065178
352212603
343963913
337947104
296841635
199297210
197965267
170480391
165507483
164955171
161865545
154432300
150488289
150471605
143664360
134139937
134109849
97336435
92025012
87753129
82625759
75721739
71605879
67305905
67008316
65328522
65247452
63340542
62963082
62522499
61133722
61038218
60054075
58188673
51833157
50518800
49329030
47546656
47478334
46923640
42878272
42202641
42013651
41914759
41429775
40649110
39331845
37663191
36961935
36414486
34349917
33850484
31739890
30736998
30610168
29786123
29183885
28971765
28515057
28464234
